09 27 58.282 -02 25 58.95 2.1 0.14 0.14 0.023  14.32                      In spiral arm + IR source  
10 47 26.693 +06 02 47.72 2.9 0.14 0.13 0.019   5.87   2.4 0.4 -1.1       off galaxy center; passive galaxy  
23 53 51.412 +07 58 35.91 4.2 0.13 0.16 0.018  42.68                      Near spiral arm; near red+IR source  
13 14 41.932 +29 59 59.19 2.2 0.14 0.14 0.023  20.58   4.0 0.5  3.4       Halo/Edge of spiral galaxy; IR source  
16 22 44.571 +32 12 59.28 2.0 0.15 0.11 0.022   0.89   2.7 0.4  1.7       In small blue galaxy; near center  
14 19 18.855 +39 40 36.03 21.1 0.15 0.95 0.020   0.50  18.5 1.0 -2.2       Compact blue star forming galaxy  
00 17 27.498 -09 34 26.56 2.5 0.15 0.15 0.023   0.51                      Center of galaxy  
00 17 59.547 -09 16 00.89 1.6 0.15 0.10 0.023  19.06   2.9 0.5  2.5       Halo of galaxy, likely IR source  
01 44 43.099 -04 07 46.25 5.2 0.13 0.21 0.018  34.81  10.9 0.6  9.0       Halo of galaxy, near blue source and IR source  
00 06 28.516 -03 42 58.83 2.4 0.23 0.12 0.021   0.99   2.3 0.4 -0.2       Center of galaxy  
02 52 51.841 -01 16 29.31 3.1 0.15 0.20 0.023   0.18   5.4 0.6  3.7 152.4 Center of galaxy  
03 36 23.014 -00 52 57.85 1.6 0.14 0.11 0.024   0.38                      Center of galaxy  
02 36 23.588 +00 42 31.55 1.9 0.13 0.11 0.022   3.20                      Center of galaxy (also in IR)  
09 20 02.170 +01 02 17.82 11.4 0.15 0.40 0.017   0.03  10.7 0.5 -1.1  46.0 Center of galaxy  
10 27 25.021 +01 14 30.82 3.0 0.14 0.17 0.022   0.47   3.1 0.4  0.3       Center of galaxy  
02 17 04.793 +01 14 39.44 11.1 0.16 0.61 0.022   0.54  11.9 0.6  1.2       Center of galaxy  
00 42 39.260 +02 44 14.17 3.3 0.11 0.12 0.018   2.63   5.0 0.5  3.2       Center of galaxy (also in IR)  
23 35 01.071 +04 53 51.38 3.1 0.10 0.13 0.019   0.23   8.7 0.5 10.7       Center of galaxy  
23 35 10.457 +04 57 51.00 5.3 0.10 0.22 0.019   0.43   9.8 0.5  8.5       Center of galaxy  
10 51 26.328 +08 17 55.30 2.2 0.14 0.12 0.022   0.13   2.4 0.4  0.4       Center of galaxy  
22 40 17.262 +08 33 57.07 2.0 0.10 0.15 0.025   0.25   9.4 0.9  8.2       Center of galaxy  
11 39 17.604 +09 57 45.03 2.0 0.14 0.10 0.021   0.55                      Center of galaxy  
11 41 52.959 +10 18 15.75 2.1 0.14 0.10 0.020   0.14   2.9 0.4  1.9       Center of galaxy  
11 48 27.531 +12 43 38.39 6.2 0.19 0.14 0.014   0.42   8.8 1.0  2.5       Center of galaxy  
12 05 29.340 +20 14 48.23 3.1 0.14 0.21 0.024   0.37   8.4 1.3  4.0       Center of galaxy  
12 04 29.717 +20 18 58.52 2.5 0.14 0.15 0.022   0.79   4.4 0.4  4.3       Center of galaxy  
12 01 44.901 +20 19 41.84 2.4 0.14 0.15 0.024   0.19                      Center of galaxy  
12 14 53.824 +22 08 22.56 2.0 0.14 0.14 0.024   9.41                      Halo of galaxy; no optical or IR source  
15 39 27.500 +24 56 51.51 9.3 0.15 0.58 0.023   0.09  20.1 1.0 10.3       Center of galaxy  
12 53 59.118 +26 26 38.68 2.4 0.14 0.16 0.024   0.19   4.1 0.5  3.2       Center of galaxy  
12 35 41.168 +26 31 22.78 1.9 0.18 0.11 0.022   0.44                      Center of galaxy  
13 26 51.288 +26 35 28.53 1.7 0.13 0.11 0.023   0.13   2.2 0.4  1.1       Center of galaxy  
13 19 40.071 +27 42 21.79 3.2 0.13 0.20 0.023   0.03   6.0 1.2  2.3       Center of galaxy  
13 12 25.858 +28 32 15.74 4.9 0.10 0.26 0.021   0.15   5.1 0.4  0.5       Center of galaxy  
14 05 28.328 +30 46 02.02 7.8 0.14 0.58 0.025   0.02   7.2 0.5 -1.1       Center of galaxy  
13 23 59.882 +30 55 56.94 2.5 0.14 0.14 0.022   0.94   2.7 0.5  0.5       Center of galaxy  
13 23 45.004 +31 33 56.68 3.7 0.15 0.11 0.016   0.19 158.7 5.1 30.4       Center of galaxy  
12 09 09.831 +31 34 10.19 2.5 0.14 0.15 0.023   0.07   4.0 0.5  2.8       Center of galaxy  
12 38 48.796 +31 59 05.63 4.2 0.15 0.26 0.023   0.06   4.8 0.4  1.4       Center of galaxy  
12 13 09.305 +32 35 47.07 1.7 0.16 0.13 0.025   0.20   2.2 0.4  1.1       Center of galaxy  
12 50 52.959 +34 09 24.54 3.3 0.13 0.21 0.023   0.26   3.3 0.5  0.0       Center of galaxy  
13 34 25.231 +34 41 26.07 1.6 0.15 0.11 0.024   0.53   3.6 0.5  3.9  85.8 Center of galaxy  
13 37 28.941 +38 58 13.82 3.2 0.22 0.15 0.020   0.40                      Center of galaxy  
10 44 18.973 +52 46 12.56 7.9 0.14 0.58 0.025   0.14   5.4 0.4 -5.1       Center of galaxy  
00 21 51.145 -09 29 32.20 3.3 0.16 0.17 0.021   0.13   5.1 0.5  3.4       Center of galaxy  
02 02 03.248 -00 05 18.72 2.3 0.11 0.11 0.020 183.41                      Far from galaxy; no optical or IR source  
02 55 52.403 +01 04 09.95 3.0 0.14 0.10 0.017  63.90                      Fra from galaxy; no optical or IR source  
12 05 48.207 +20 27 48.27 6.9 0.15 0.46 0.024 215.69                      Far from galaxy; no optical or IR source  
16 29 33.664 +21 47 12.34 3.8 0.15 0.13 0.017  43.63   3.7 0.4 -0.2       Far from galaxy; No optical source; Faint IR source  
15 34 53.723 +23 28 16.48 5.1 0.14 0.20 0.018 126.21   4.4 0.4 -1.6       Center of (another) galaxy  
13 26 51.288 +26 35 28.53 1.7 0.13 0.11 0.024   6.41   2.2 0.4  1.1       Center of (another) star forming galaxy, with bright nucleus  
12 50 08.706 +33 09 33.34 3.1 0.17 0.20 0.024   0.41   7.4 1.1  3.9       Center of galaxy  
14 36 23.708 +35 54 19.16 6.0 0.15 0.13 0.014 223.46   5.5 0.4 -1.1       Far from galaxy; No optical or IR source  
13 56 04.438 +38 18 15.27 2.8 0.14 0.11 0.019   0.26   4.8 0.5  3.9       Center of galaxy  
10 44 38.235 +56 22 11.18  4.5 0.15 0.31 0.024   0.37   5.2 0.4  1.5       Center of galaxy  
